114
112
112
113
95
102
107
105
99
100
105
104
100
85
92
85
93
112
109
120
105
88
109
101
102
85
89
83
102
79
81
87
76
73
90
91
100
124
96
95
105
80
90
86
84
70
80
80
86
96
96
96
70
80
78
85
81
96
79
71
76
63
70
90
106
114
113
104
100
111
121
114
105
135
110
107
105
111
149
127
105
104
128
118
106
121
124
100
100
92
89
83
98
129
103
113
99
102
85
97
104
125
107
103
114
95
101
83
79
95
107
91
98
96
90
108
86
102
104
76
59
95
68
86
84
70
90
80
91
95
96
97
109
88
82
98
84
65
107
76
87
83
80
95
90
84
82
82
83
80
91
86
60
71
55
71
77
104
64
86
82
95
87
94
100
96
120
136
109
100
129
119
116
120
113
121
108
84
96
101
103
98
93
117
100
113
123
91
95
107
107
106
107
98
97
103
88
110
102
116
110
81
100
103
107
101
92
73
103
103
85
74
87
66
74
89
82
83
89
80
89
89
90
80
107
102
96
102
87
105
92
98
117
72
87
92
81
75
87
65
80
101
89
107
83
63
66
55
62
93
87
73
69
115
112
77
107
98
74
88
106
112
108
105
104
106
121
103
102
104
90
84
92
103
85
76
100
122
91
101
108
103
110
102
117
104
99
98
111
105
116
87
122
111
109
98
101
105
86
102
74
73
96
114
108
95
84
83
110
75
96
80
96
80
80
98
91
80
100
93
99
97
74
100
91
128
98
86
81
90
66
73
80
86
83
111
76
88
76
105
77
72
96
95
90
62
66
112
111
94
94
97
88
99
93
93
83
91
93
121
115
102
91
87
79
81
99
100
97
89
103
89
89
108
87
107
104
102
113
122
107
114
121
106
92
123
120
102
118
108
106
100
90
73
73
99
109
121
110
115
95
98
97
106
87
97
94
82
96
88
94
87
96
101
102
67
91
91
113
120
96
87
81
95
97
89
86
83
106
108
96
95
88
91
90
104
100
108
77
86
95
99
95
97
105
105
88
94
101
98
83
89
98
106
114
98
88
88
88
84
106
105
119
97
97
90
78
105
117
114
119
132
131
101
108
121
91
133
112
107
104
120
100
108
96
99
87
94
95
104
111
116
105
111
104
85
109
108
98
97
94
105
105
91
89
83
95
92
108
93
118
121
99
104
88
87
79
87
101
99
96
106
109
106
102
93
100
93
98
126
122
115
114
121
115
107
99
125
118
72
97
103
99
105
88
83
96
115
110
80
79
93
90
106
112
109
103
125
98
96
93
114
124
115
132
137
80
120
106
128
109
119
96
130
107
100
113
97
102
128
102
102
103
110
134
98
100
92
95
98
109
111
112
86
92
87
75
72
89
85
90
84
90
135
129
107
95
117
99
120
90
101
136
105
97
108
103
87
107
107
107
91
146
103
128
127
131
101
114
95
91
120
85
90
99
96
109
114
85
89
115
104
79
75
88
92
134
108
103
140
122
122
121
115
107
117
115
127
120
100
113
134
124
106
123
105
125
121
130
112
87
94
102
105
99
93
111
98
112
100
83
88
102
85
98
101
103
84
83
92
75
73
69
68
70
92
106
107
95
112
100
110
72
98
94
126
103
116
111
111
112
92
100
120
124
115
102
119
134
133
108
103
102
79
118
84
78
98
87
116
112
88
91
107
86
71
98
79
97
113
98
99
132
126
114
121
115
118
106
102
119
125
106
115
112
106
97
111
97
99
130
148
98
110
93
97
96
119
122
95
96
124
92
80
89
104
93
108
113
88
73
83
66
90
97
80
90
90
69
84
80
94
95
102
116
101
90
102
86
108
102
91
95
91
90
100
98
103
100
108
115
100
112
105
95
117
83
93
90
82
77
91
88
89
93
71
85
95
72
86
90
103
84
87
88
109
118
92
114
122
112
108
114
110
121
117
122
116
113
109
94
104
109
97
125
107
111
103
104
90
121
123
103
102
105
86
92
92
93
123
110
97
95
97
69
99
96
92
67
103
91
112
103
94
96
97
104
105
110
95
99
99
112
94
114
90
98
98
114
87
94
94
107
109
99
109
88
88
108
93
88
86
97
84
85
84
109
80
85
82
88
63
65
88
96
87
101
86
103
91
87
93
91
104
105
98
103
116
159
174
173
185
174
137
118
108
95
103
104
112
122
104
93
132
117
105
114
80
121
104
101
117
113
111
116
97
97
85
111
82
95
121
109
109
106
95
100
107
118
121
97
119
103
105
117
109
98
99
89
95
105
117
84
110
92
108
96
104
116
99
77
100
105
87
79
93
86
94
91
123
98
91
104
87
66
78
90
85
99
85
88
79
72
86
114
84
99
104
90
152
193
208
200
201
196
173
143
114
128
121
88
107
110
138
112
110
121
117
131
121
120
134
106
100
134
110
119
116
124
121
115
109
108
96
110
112
96
108
110
112
93
100
93
131
109
110
101
106
119
106
101
92
86
96
99
89
96
115
114
91
100
110
108
92
94
90
95
79
81
81
97
89
101
119
120
152
125
87
96
95
82
76
88
79
86
79
84
94
93
97
125
172
222
217
205
200
199
188
165
134
101
136
106
99
113
111
117
113
124
120
130
128
131
124
128
104
101
132
130
119
120
132
129
122
140
134
94
101
108
100
92
97
103
117
93
86
127
115
113
104
120
118
107
100
105
76
90
83
87
105
104
92
96
103
98
96
88
71
91
89
85
82
82
123
121
140
149
144
146
136
74
83
76
82
99
88
115
98
89
110
91
109
120
117
206
222
215
202
205
185
176
160
131
105
106
113
126
124
115
93
92
104
134
120
127
128
104
125
142
137
130
115
112
121
113
116
113
114
107
87
97
89
88
90
116
110
111
98
113
105
104
106
126
115
127
98
95
110
86
121
90
105
117
90
90
113
105
115
95
92
85
80
93
86
85
132
154
145
125
139
136
144
135
79
72
94
80
74
74
68
110
108
109
115
130
142
186
232
207
191
201
202
182
166
159
98
100
123
114
112
129
121
98
102
109
131
113
135
149
110
127
119
131
129
125
100
126
110
101
103
104
108
92
85
86
79
82
119
115
87
115
117
124
108
108
107
115
97
110
117
91
111
131
120
131
124
112
106
128
145
162
166
147
172
153
129
128
130
147
129
117
143
135
132
150
120
75
68
91
76
57
90
92
82
149
114
103
135
179
234
233
216
193
174
193
186
167
149
89
89
103
106
101
113
101
116
103
111
114
100
110
140
131
112
88
99
114
115
117
106
116
109
96
117
86
90
93
71
78
97
116
85
98
77
108
112
102
94
90
98
101
99
111
116
110
126
134
129
117
136
156
201
225
225
221
220
224
227
227
224
182
143
107
106
145
147
120
149
123
94
70
80
93
105
84
88
94
140
120
109
137
196
242
233
219
207
191
178
182
184
171
108
104
106
109
100
92
96
107
93
93
104
105
112
121
101
118
85
87
121
99
90
96
93
105
93
98
107
99
106
90
81
103
82
78
61
67
77
121
81
92
89
100
87
91
101
142
135
124
99
90
70
111
163
200
214
214
208
195
193
207
218
221
212
184
165
128
112
123
112
137
137
114
104
79
86
110
103
109
114
140
106
129
162
185
235
223
209
211
198
186
192
190
186
138
87
85
98
85
81
96
87
91
100
99
79
106
96
94
107
101
98
102
93
97
90
92
89
102
85
100
108
107
99
95
80
74
82
87
54
103
102
87
81
83
90
108
97
124
137
123
86
95
117
82
108
160
199
211
204
195
174
165
186
200
213
217
203
173
148
155
140
109
144
140
87
80
82
78
108
112
113
86
133
101
112
169
236
233
221
199
185
200
202
185
195
189
169
77
71
83
76
70
76
87
88
92
93
85
85
75
100
97
87
95
99
94
109
102
104
76
80
105
96
97
94
92
97
93
78
79
75
80
109
88
101
74
102
102
121
107
133
113
111
70
114
156
110
164
193
212
207
192
185
168
154
177
185
204
220
218
211
197
163
158
145
167
128
92
88
66
83
78
89
90
81
107
123
113
139
230
237
222
204
188
170
189
198
182
191
166
85
77
83
95
71
82
81
111
92
82
72
70
74
79
91
92
118
127
138
133
137
105
110
92
104
96
87
89
98
96
92
78
71
107
109
106
115
107
93
85
99
118
95
127
101
77
68
129
134
167
181
205
206
195
187
183
168
162
178
175
189
207
222
212
200
199
191
200
191
136
101
93
95
101
86
73
84
81
85
108
143
173
207
227
227
218
208
197
184
195
171
170
169
133
104
91
89
93
84
80
94
101
83
76
88
90
97
99
141
176
172
173
162
182
157
153
164
180
139
96
99
87
90
106
87
88
105
118
97
116
121
94
94
106
114
92
127
107
76
110
164
150
151
173
184
171
171
182
185
170
157
167
169
169
183
198
205
207
186
193
183
150
120
102
89
98
89
88
57
83
93
101
111
116
205
236
230
216
210
203
205
210
214
206
179
180
158
168
115
88
72
91
71
86
87
113
104
115
79
75
87
151
199
203
203
203
202
200
200
197
190
190
193
191
194
194
190
177
157
153
106
104
82
105
92
126
82
116
95
132
149
144
166
160
151
159
176
186
184
143
179
192
181
170
186
189
140
183
194
202
205
190
190
202
167
100
78
94
83
89
82
68
84
102
78
106
107
143
220
235
223
211
199
187
182
185
183
182
192
182
177
190
136
75
61
91
100
76
115
91
93
115
156
203
217
215
207
208
204
204
204
199
197
198
198
192
195
192
191
193
194
194
199
201
199
195
204
211
210
201
187
175
172
183
174
162
150
160
180
170
161
133
103
166
194
199
193
196
178
136
160
188
204
216
203
191
203
143
110
89
97
86
73
95
77
82
98
95
102
96
96
130
198
232
236
235
227
217
192
181
180
191
204
198
204
213
151
68
99
72
87
75
81
140
196
212
215
212
215
204
185
182
194
190
192
191
193
192
193
189
184
180
184
183
177
186
195
207
210
198
184
169
156
154
155
155
169
185
165
162
163
175
142
149
136
83
110
201
204
202
199
146
76
98
156
177
208
198
177
206
168
119
108
95
73
97
93
70
102
73
80
102
108
125
137
167
209
231
223
219
224
224
221
212
204
204
205
205
211
198
168
162
122
121
160
176
203
220
217
220
216
203
195
171
173
186
187
191
194
194
196
188
185
185
186
189
183
177
179
197
206
201
193
180
171
156
134
131
142
197
180
151
153
177
173
174
172
199
203
177
203
211
209
207
183
198
210
195
176
197
187
170
179
163
119
101
120
100
92
93
81
87
69
73
121
134
155
186
221
231
228
232
227
225
216
213
213
210
200
200
204
207
199
191
189
196
191
181
211
218
217
211
217
217
204
194
179
168
171
168
178
178
187
195
185
178
178
186
190
184
168
169
177
193
195
179
179
181
159
134
145
153
198
142
169
204
214
214
208
168
163
197
194
213
211
211
205
195
200
184
188
217
201
195
190
179
143
130
127
125
105
125
77
83
80
73
85
118
116
188
225
232
228
242
235
225
218
214
211
205
196
192
192
197
201
192
156
166
166
180
215
220
215
211
209
212
215
211
204
209
195
175
162
157
168
180
183
179
188
194
189
191
177
170
166
172
176
166
162
175
170
138
139
149
154
176
142
201
235
238
235
205
179
180
189
193
212
198
194
196
197
188
188
193
225
232
223
212
184
162
110
137
118
103
96
84
76
86
116
83
109
125
192
206
196
173
200
224
199
227
231
226
210
196
201
192
191
190
187
179
137
182
206
214
211
204
200
207
207
206
208
213
221
207
190
182
180
184
179
184
188
194
195
192
190
180
171
163
152
137
139
161
183
163
123
153
154
173
167
162
213
231
230
207
183
198
186
158
195
187
174
181
181
193
191
200
211
225
243
235
219
183
137
114
114
109
84
84
94
98
132
84
79
95
112
143
145
130
122
149
194
180
228
232
228
232
232
224
216
207
198
182
181
171
199
206
201
199
191
196
197
197
200
209
216
224
217
218
203
194
178
181
184
184
184
181
191
188
180
175
157
139
122
127
167
184
147
115
145
168
164
168
181
230
214
208
199
170
179
161
138
174
132
147
150
144
163
170
175
194
193
213
227
220
174
110
97
96
97
101
96
89
117
100
79
87
114
112
126
111
94
70
88
75
84
121
156
206
216
217
225
216
221
195
177
185
181
197
202
198
204
204
201
206
206
205
213
215
222
223
224
218
213
197
166
167
176
177
186
196
185
177
165
149
131
118
135
187
199
155
115
150
169
167
175
179
198
203
202
177
150
130
108
121
142
83
31
43
40
112
153
128
153
182
202
215
195
142
107
85
90
110
95
92
87
130
95
101
89
104
109
95
95
74
86
92
84
92
123
112
97
144
192
184
233
225
192
174
190
180
191
198
201
205
202
208
212
215
217
221
215
215
219
221
221
224
205
179
156
178
180
181
184
179
168
163
150
133
121
123
171
178
133
118
151
182
176
162
169
178
180
164
151
149
123
47
122
114
76
51
27
74
96
137
95
134
179
196
198
156
124
110
80
75
95
105
96
120
111
102
103
58
94
98
107
92
89
85
80
97
84
76
87
150
125
150
192
210
208
194
180
186
187
186
188
203
201
211
213
201
219
228
226
217
208
209
214
221
222
204
196
152
154
166
175
183
173
166
159
145
139
119
110
179
180
128
129
152
193
177
150
157
164
173
178
174
174
149
63
84
77
69
60
49
64
89
91
104
149
169
174
155
153
112
83
80
82
111
106
95
111
88
124
130
98
90
73
98
95
81
89
104
88
83
122
158
111
92
141
168
125
191
183
151
189
188
194
205
215
220
208
188
190
208
222
220
215
201
198
204
213
214
209
207
161
139
162
180
185
181
170
161
149
130
117
118
170
184
149
125
152
189
183
142
130
157
174
180
196
194
193
102
97
72
87
81
75
122
101
97
188
198
199
177
155
160
100
100
91
90
114
120
130
101
94
89
117
135
96
87
73
119
87
61
86
100
114
118
124
120
79
132
108
121
131
162
130
212
210
214
213
219
217
200
187
186
197
209
217
210
195
195
192
204
205
192
189
174
134
152
170
187
178
170
159
140
125
120
122
187
203
145
119
173
179
186
147
112
137
155
171
202
197
206
165
87
131
180
163
156
196
145
121
197
198
214
233
209
122
104
113
114
101
112
132
110
105
122
76
96
118
86
83
59
101
80
73
95
92
108
103
104
98
80
125
92
110
107
103
185
229
224
217
210
216
213
202
186
178
186
188
191
204
210
199
195
198
206
202
207
168
136
156
182
183
171
167
156
138
128
123
119
174
183
132
123
169
191
181
152
111
111
154
200
198
190
205
183
95
169
225
226
221
227
176
164
197
210
228
247
240
135
120
109
84
83
105
116
97
88
101
120
92
106
99
103
60
92
75
86
85
108
100
104
90
95
94
118
98
114
105
133
221
231
224
223
223
213
200
192
190
192
182
183
188
203
213
204
185
186
191
201
202
158
150
159
178
174
175
169
149
138
129
124
130
170
185
163
155
176
181
176
169
132
104
117
214
188
174
202
202
160
125
236
235
231
237
154
176
198
218
237
244
223
156
97
99
92
85
84
88
122
84
83
74
104
106
98
93
91
98
85
89
92
85
81
104
90
86
83
93
89
105
92
127
212
234
233
229
223
217
214
205
199
201
201
208
214
206
207
206
176
173
168
177
208
197
155
164
177
178
166
156
153
143
146
128
130
170
177
183
135
140
182
183
173
161
136
121
188
166
151
185
207
194
116
134
218
231
179
154
179
213
226
241
235
218
150
80
70
89
72
86
86
99
101
103
93
99
82
110
106
84
94
93
112
102
101
78
124
99
90
93
87
100
102
88
102
193
236
232
230
229
221
211
205
205
212
218
222
203
206
204
208
200
174
152
148
166
204
156
158
168
165
157
156
144
138
132
127
122
152
197
164
120
154
180
192
193
152
183
140
166
138
156
159
150
192
175
140
117
126
185
185
195
227
236
236
239
213
166
84
66
66
77
69
66
95
101
85
129
132
73
82
102
106
90
107
93
107
130
87
94
79
93
90
92
89
70
75
90
166
238
234
233
230
222
224
224
223
227
225
222
219
204
204
205
197
176
144
146
152
165
155
165
168
161
164
151
157
153
133
116
115
146
168
158
141
139
186
186
164
206
155
171
175
151
148
160
140
164
151
170
191
209
218
206
209
233
238
235
234
218
138
85
69
74
53
71
66
67
78
119
90
79
65
110
101
109
110
107
93
103
103
118
97
91
100
115
96
86
95
74
87
167
241
240
239
233
230
242
240
238
234
230
226
218
206
206
204
195
187
155
156
157
153
155
177
174
163
152
151
136
145
133
131
111
126
164
177
145
139
136
176
209
168
193
195
185
181
141
151
144
141
152
178
209
219
222
206
222
239
234
232
228
215
138
62
58
95
69
77
75
61
68
80
92
83
111
101
104
97
111
92
93
132
108
106
107
117
84
116
91
92
89
77
67
151
217
237
242
238
250
247
246
244
241
233
223
208
207
205
200
195
186
174
170
158
131
148
161
170
156
145
144
153
154
147
139
105
115
148
138
153
133
134
173
159
187
181
200
195
180
143
160
155
148
146
175
226
214
202
191
214
229
225
219
220
204
127
99
73
54
54
52
71
75
66
93
89
103
114
112
117
87
89
87
88
91
118
95
104
98
100
99
95
71
95
88
59
95
158
240
234
232
246
246
242
240
238
236
223
205
204
202
189
188
198
185
187
148
126
130
141
143
145
152
157
147
137
143
127
106
99
120
149
154
145
131
137
176
169
176
183
184
146
156
163
165
150
148
152
219
200
163
168
175
207
211
212
221
200
156
88
77
75
64
66
58
72
63
102
95
103
116
112
121
97
91
92
92
91
119
101
89
87
116
110
81
80
66
116
72
74
185
245
211
229
239
238
227
219
227
220
210
202
190
182
174
187
198
170
170
145
148
148
141
120
125
139
133
139
150
135
126
121
104
103
131
147
164
120
129
146
160
165
169
164
137
149
163
177
156
147
148
192
175
138
151
164
194
196
205
214
179
114
48
62
41
54
80
59
49
69
79
70
106
83
96
94
98
98
95
107
125
88
97
114
87
114
91
100
104
98
110
118
117
120
189
193
249
233
223
203
190
189
172
163
175
166
159
165
185
195
166
157
176
176
172
128
119
104
115
121
129
139
133
141
123
132
117
116
149
135
130
118
134
153
170
157
151
140
146
161
185
159
160
161
174
173
160
164
178
205
203
178
140
123
117
59
72
69
64
77
45
75
68
89
82
93
80
106
127
99
116
107
89
85
111
104
121
127
107
109
101
122
111
84
114
87
121
89
153
203
176
174
191
165
148
145
154
162
148
160
165
182
167
160
161
156
183
129
99
78
91
90
107
124
124
134
127
132
149
142
129
114
138
117
113
133
146
161
165
152
151
155
157
189
154
168
175
157
184
178
191
191
203
204
170
101
78
58
62
43
83
83
65
57
64
61
66
83
90
75
117
129
99
98
108
93
115
113
129
125
109
102
105
106
121
92
112
96
123
113
103
121
151
149
130
138
142
139
149
150
149
129
129
165
167
138
142
170
162
154
103
91
66
83
85
111
137
144
142
124
131
162
159
140
110
113
122
120
135
154
154
168
163
152
172
156
180
144
162
172
155
161
190
189
197
180
188
150
144
101
43
69
57
68
87
70
52
43
49
51
76
91
88
106
118
122
104
135
132
115
121
125
113
119
117
112
105
117
100
115
103
110
125
123
145
154
140
154
175
179
176
177
130
81
68
56
150
128
106
123
127
138
112
63
76
75
84
77
90
130
142
154
141
136
159
148
138
131
145
134
113
127
146
147
166
175
173
157
165
167
148
161
168
168
152
189
192
178
176
148
133
179
166
108
99
76
83
84
56
39
77
46
45
60
64
74
96
108
126
142
122
108
115
108
98
107
116
116
119
115
121
113
142
115
121
113
140
150
161
176
208
223
235
197
153
77
65
77
50
147
75
97
96
123
98
61
61
63
69
81
76
75
114
127
138
150
137
148
142
138
130
155
124
112
133
143
162
161
166
181
175
171
183
170
185
184
182
177
162
176
147
145
113
100
135
135
174
113
75
68
61
93
69
78
64
45
69
72
58
99
99
114
121
106
129
109
118
119
115
94
124
125
119
112
157
149
117
109
101
111
112
143
138
205
239
226
163
63
69
70
91
49
122
64
44
83
101
73
73
88
93
67
68
63
96
71
99
112
136
132
132
119
97
120
124
112
125
141
150
150
160
164
178
191
194
199
181
203
208
206
207
176
139
100
88
95
112
98
113
143
167
148
89
67
95
60
74
72
65
59
65
47
102
104
104
101
120
109
122
112
108
118
93
118
116
114
102
135
118
118
109
108
114
103
136
98
164
210
226
192
96
77
82
96
101
120
87
47
84
94
58
84
94
100
81
63
71
65
95
81
71
67
84
101
100
97
90
81
100
114
126
159
157
173
167
167
183
192
200
194
212
211
203
204
153
114
77
94
62
100
86
96
127
156
202
174
82
86
94
81
93
53
93
73
68
105
117
102
96
104
107
125
86
112
132
118
105
99
99
96
117
117
103
95
72
127
119
116
111
121
174
192
195
221
170
102
85
88
76
101
101
115
83
83
90
87
95
77
69
85
70
84
97
94
82
76
115
105
109
69
85
74
109
119
158
168
178
168
158
160
163
191
205
216
215
206
186
155
86
88
78
26
56
80
96
117
168
197
220
95
97
105
87
104
98
78
81
82
103
109
100
117
99
124
131
111
116
125
90
104
103
121
119
113
109
117
103
87
114
107
125
91
101
139
179
164
219
214
206
154
116
102
91
89
91
89
99
127
118
79
76
63
66
83
124
123
92
95
116
87
76
78
95
71
82
88
82
124
145
171
168
139
127
122
138
155
187
190
185
155
96
77
106
99
62
74
66
65
130
177
192
208
177
76
94
71
60
74
57
74
79
102
124
112
110
90
99
111
120
119
116
95
127
82
115
106
119
110
114
126
114
97
104
108
103
121
93
125
133
193
211
175
178
177
136
116
115
91
102
118
108
127
91
77
59
74
83
103
118
85
79
110
90
82
100
86
93
73
87
73
72
113
126
140
136
122
117
114
123
142
160
155
157
86
66
80
93
91
87
72
38
103
167
170
197
224
165
91
77
78
75
49
74
72
83
88
102
105
107
106
100
85
110
125
89
162
121
121
109
106
104
99
87
109
100
83
100
92
84
128
96
111
139
171
166
186
179
105
120
117
104
106
118
99
104
93
97
63
67
63
45
88
66
71
110
90
103
91
78
91
84
96
110
57
87
98
129
124
129
126
138
141
163
183
184
183
184
136
77
106
100
89
78
69
107
143
165
194
217
225
166
134
123
85
78
74
96
92
102
109
120
121
114
113
90
98
101
104
117
113
130
111
89
120
119
126
90
129
121
77
101
118
118
106
95
124
114
136
180
189
123
134
98
75
108
69
122
111
122
110
88
84
87
58
95
78
67
116
104
140
95
68
87
92
86
70
91
89
79
90
110
124
129
143
166
180
178
188
197
187
178
181
159
137
95
105
92
42
124
162
200
208
216
222
193
125
96
97
105
111
95
79
82
111
107
112
101
85
114
98
97
101
107
114
126
115
116
121
96
135
116
98
113
99
111
114
119
106
101
102
101
124
124
137
127
110
95
69
76
116
92
123
115
92
101
110
86
86
62
67
108
85
105
90
83
92
123
119
93
72
71
68
90
78
110
109
128
152
170
181
183
194
187
186
185
180
168
181
175
115
82
76
131
159
207
204
210
192
207
113
136
119
71
93
105
92
84
84
101
96
79
91
95
84
102
107
117
123
117
132
117
106
106
108
102
134
126
103
123
113
99
103
95
109
96
125
132
138
101
104
91
80
82
99
101
106
82
88
106
84
101
78
53
103
144
90
66
66
100
72
95
134
84
63
84
98
96
79
114
105
133
145
146
160
161
171
185
179
196
174
183
204
228
173
95
99
127
180
180
199
202
194
215
130
85
107
72
96
98
102
105
106
89
82
71
80
82
79
109
94
124
115
99
119
122
138
128
126
127
105
123
105
102
96
115
122
101
122
130
131
112
119
139
132
104
97
82
106
82
104
90
91
77
93
102
88
106
130
103
111
96
116
87
90
99
130
104
94
94
87
118
77
97
89
96
97
122
126
124
170
169
169
164
175
215
226
226
200
130
130
142
132
181
218
204
176
136
123
122
83
95
103
90
89
86
90
76
104
104
90
84
117
129
117
130
106
135
124
121
114
150
131
127
125
114
115
91
112
82
88
133
126
140
96
131
121
103
102
101
125
115
112
119
111
106
104
123
77
39
91
117
96
130
130
82
80
90
94
95
122
98
115
86
80
97
97
86
100
74
77
96
116
108
130
166
163
159
196
205
222
225
225
135
95
105
114
175
170
145
124
133
94
131
92
79
89
87
100
101
90
124
95
90
88
114
124
114
129
96
126
135
126
112
124
158
104
98
100
119
118
107
105
89
109
98
84
119
122
105
91
92
102
108
89
104
104
108
142
131
139
120
128
90
126
111
106
120
103
98
105
83
99
113
119
104
114
89
90
117
77
89
88
73
99
107
85
94
86
141
153
161
194
206
219
231
238
213
106
102
92
124
114
104
100
93
128
91
91
90
86
99
101
103
113
93
101
121
117
118
86
89
125
106
120
122
123
127
107
110
91
100
110
106
116
103
91
92
104
123
136
115
99
140
108
115
91
107
96
73
122
114
105
108
96
81
139
84
105
110
105
102
111
108
97
109
123
107
104
102
95
110
116
96
61
97
84
99
94
91
111
102
105
117
141
167
197
208
225
233
236
213
184
141
117
105
95
95
108
120
107
87
91
108
106
87
107
115
120
128
131
113
95
104
131
115
125
118
135
115
115
99
99
94
111
113
91
102
76
100
95
110
106
85
93
97
126
102
93
93
88
95
73
88
99
120
124
78
82
112
104
119
122
114
112
76
95
109
93
112
125
132
108
122
116
85
119
95
109
126
116
106
100
99
71
91
85
116
122
166
195
205
221
220
210
229
240
241
211
90
95
98
88
113
94
123
117
108
87
117
98
104
125
97
108
93
108
100
112
115
153
128
96
98
114
114
93
119
118
97
96
99
98
106
101
84
100
91
109
111
94
101
86
104
87
104
78
149
114
132
119
113
119
91
118
114
133
99
110
105
108
119
84
97
64
127
105
115
118
112
109
89
97
125
106
108
95
107
93
72
110
115
141
172
199
210
189
201
204
217
227
232
176
101
115
89
105
113
106
97
91
104
88
117
109
98
91
108
116
153
124
123
115
103
127
71
94
93
117
83
114
115
88
102
94
100
105
104
90
99
84
102
95
79
86
90
92
95
102
113
120
93
120
141
119
108
136
116
101
114
110
126
113
94
118
105
106
74
90
92
110
110
97
116
89
80
86
102
128
91
89
82
118
107
108
112
116
157
171
187
214
225
200
221
208
189
117
105
112
95
121
92
82
84
94
99
102
123
114
94
99
94
99
151
129
101
116
126
103
91
93
99
110
112
110
95
118
97
107
103
98
92
83
80
126
84
99
83
89
69
104
76
116
127
108
103
108
90
136
130
120
133
120
131
111
106
123
119
130
109
123
76
101
69
121
115
131
98
99
67
105
104
78
73
110
153
95
88
99
93
129
129
161
194
184
151
157
118
106
109
108
122
137
106
103
80
100
107
117
95
117
129
103
131
111
116
160
110
126
124
115
93
103
98
86
81
93
114
101
105
106
89
101
96
68
76
80
104
104
104
76
95
107
122
91
84
112
107
103
101
108
99
144
96
103
103
118
128
127
141
131
133
147
113
103
111
110
114
115
132
123
98
107
102
92
120
99
121
113
114
89
109
122
141
139
120
146
114
112
92
118
104
105
109
122
115
98
91
98
93
103
108
93
106
110
119
105
130
139
148
105
109
112
109
108
95
83
98
89
105
87
91
92
83
98
91
65
53
78
109
111
108
113
97
83
100
140
76
85
109
90
86
101
136
120
135
133
121
108
115
124
126
129
103
120
111
108
143
117
94
72
117
137
99
82
111
123
82
128
161
131
119
110
107
117
117
110
100
109
109
87
78
69
93
101
110
111
113
95
89
91
91
72
89
93
97
115
115
92
100
101
113
119
133
105
102
88
85
75
109
88
93
95
91
113
129
70
83
110
99
84
98
74
77
102
82
109
78
103
130
137
107
83
138
103
112
113
98
102
115
119
111
124
139
132
84
119
137
118
123
142
76
89
94
113
123
111
83
96
126
95
100
93
102
122
113
135
128
120
131
107
111
114
90
91
106
97
95
128
101
105
103
124
115
101
86
82
76
115
140
93
64
136
97
111
109
108
136
119
90
82
96
121
127
93
102
117
136
100
74
108
118
91
64
96
74
87
98
97
95
84
96
94
115
99
97
106
122
106
103
108
106
119
95
110
115
103
113
78
100
122
87
100
110
138
112
124
134
108
108
99
105
101
115
107
123
110
136
130
126
123
119
120
132
139
111
112
107
111
100
107
100
86
120
105
114
113
98
98
99
74
83
131
110
101
132
97
101
118
97
117
108
91
80
101
110
87
70
93
108
80
88
102
77
95
68
92
125
78
70
96
81
119
71
87
85
98
111
114
109
111
97
82
117
125
102
97
106
106
109
119
104
75
125
93
86
83
111
126
126
124
126
123
128
98
112
93
121
124
133
136
110
132
119
106
105
124
121
103
73
85
81
89
105
97
86
103
100
72
103
105
116
97
79
112
135
100
115
112
144
126
145
129
131
95
99
103
112
104
90
80
124
109
77
140
96
84
93
96
100
109
89
104
106
92
88
95
104
97
80
123
165
138
107
91
69
83
101
102
96
101
92
111
107
105
99
123
105
93
102
57
112
146
114
113
130
133
109
87
119
110
116
137
131
121
136
114
105
115
110
109
103
99
93
68
104
101
75
101
91
78
103
113
117
101
123
87
107
160
114
100
94
112
89
95
139
120
158
133
111
108
105
114
87
120
89
136
82
107
123
115
102
112
105
87
105
98
98
106
98
84
109
108
123
132
119
105
121
98
124
83
87
95
86
99
87
108
116
121
123
119
115
156
124
96
100
123
77
107
123
114
115
127
93
111
129
158
125
130
152
133
110
138
134
128
124
121
107
109
80
94
97